207
9732 19
50564 23923 97694 97489 5122 21619 16150 23745 30621 27469 14832 91031 59657 46395 45457 25547 68587 70399 34279
6112 19
71160 93072 95625 86659 27539 61716 31668 13248 47382 6901 78666 54018 40142 1051 96465 95722 57834 87586 21317
8408 19
46750 22006 37821 69966 4098 5279 23584 82975 3312 47632 40222 27938 35896 63077 13455 23569 31076 16222 9756
2631 20
30747 72613 11334 63405 49839 39248 86463 92325 72913 51443 98470 46628 65968 91910 48846 41551 27196 53154 95646 28844
1478 20
88154 16541 94760 3165 44076 99281 89956 94114 40915 70272 11030 16091 29280 21990 59763 31959 95287 56764 81910 29736
1764 19
12597 65781 14640 48550 12587 56758 56985 21325 56196 13065 14379 64281 20779 77315 54107 11406 65649 44025 47404
3597 20
59146 55285 73670 12667 82493 90342 84345 26650 43181 90138 76133 37962 10118 11413 44464 15572 43268 95110 30212 40462
4255 20
36939 63616 49819 80831 26711 82795 99761 67242 4701 96564 30433 77860 64636 43634 86205 72649 86341 56287 86820 81866
5294 20
48322 22139 48438 14456 99504 93883 22848 28350 35912 24523 42723 98765 80627 77661 16698 78899 93228 78911 95852 87435
1670 20
4625 76288 3253 71716 68138 7834 74694 16775 1764 2236 56610 51718 38845 63980 9793 68239 68278 23129 3093 93037
5172 20
32583 5955 67828 24432 8430 45727 71104 863 22553 40985 57587 52564 17102 6742 52269 70466 78612 4624 57499 51447
1401 20
41249 77727 63672 85309 4430 10209 33765 63603 650 35776 89744 59882 25313 88283 40839 99567 32087 18325 36831 21662
5065 19
99758 89812 62380 28703 71880 77520 63892 99038 75917 69453 3096 20130 6870 311 71471 9950 40458 28614 32542
4271 20
1111 28379 49633 71604 29450 86717 54256 44465 11583 48279 68113 34348 12340 18754 61454 26395 20987 24347 43577 16292
1542 20
25437 20852 86246 46442 74937 2698 47800 23501 35572 50781 41041 91068 53326 41059 88883 57961 37154 43483 32276 48422
9582 20
25539 68781 72058 26027 82593 75325 15781 57117 38096 76051 62732 72460 65333 18295 84645 71517 49047 91380 79771 80930
2595 20
4574 56102 58789 32210 21527 85163 99774 37988 20237 89403 43589 7402 47277 53077 14294 6211 65394 74434 24051 68600
2829 19
96141 52043 85013 56084 97725 82823 85274 91369 97508 13207 41562 8252 9546 85080 74154 60182 91436 27028 77091
6910 20
10629 72794 79901 30148 74100 42546 15432 83844 59656 15916 29904 68231 77514 34096 92039 24360 84035 29866 1461 1819
1959 20
26926 2558 58849 22070 78377 40740 80465 26841 30904 65440 6488 30360 8816 37462 15504 92586 37814 79779 66986 33065
7197 19
17486 23852 85002 32052 47711 29183 22905 50884 57825 35493 37221 57881 60373 70548 9789 45087 40527 79354 33752
5287 20
78017 6389 61540 25386 8987 74627 74984 7137 70320 3028 69034 84768 10141 3206 27536 80276 45300 85930 28737 25182
2935 19
1992 68413 63695 7784 14544 94414 34047 89879 44126 37879 84668 89387 29005 37916 91478 75105 34906 13418 79361
8696 20
65791 5076 42488 66416 94634 82577 2284 78115 82092 77630 24855 38304 87902 3876 89554 17085 86267 44776 45104 35619
7339 20
99861 50903 78398 72783 29480 5671 27500 29228 56101 32405 37395 28568 32093 2107 43162 18156 47960 53848 95078 77692
3169 20
97013 51699 83548 28600 27591 61712 32833 55535 14258 45464 21040 39686 50325 27517 91815 47381 88523 21488 68833 81404
1598 19
81280 57788 17390 3331 56326 76495 11831 79514 34493 9729 93254 38745 64519 30557 10902 51557 38763 13254 11607
9487 20
52169 9282 72923 35812 75389 2958 32950 30970 54543 75819 6038 26750 76083 98040 32426 32525 62805 42850 64606 24335
9692 17
95232 44492 45235 10196 70740 38246 6893 49181 53196 17138 4046 89000 59362 94674 90107 12574 991
9806 20
49240 5999 45685 26491 90405 17347 75753 32539 25166 51194 63040 48636 91531 23799 66792 66069 5897 27565 7833 3034
7901 19
88594 72008 16893 88339 80845 18318 99186 83308 46423 2992 57998 51089 57830 29644 58602 26579 83517 29395 10970
7815 19
69558 90067 35113 99502 65395 43089 6691 90719 13176 48124 47844 5927 79735 9755 21168 56576 82861 83165 29279
1424 19
76808 32595 43196 88912 88949 75658 78366 82775 37377 503 60367 88092 18512 70030 74316 75603 5751 62620 35687
3177 20
61995 22071 6937 95194 70659 20571 3862 87898 72611 47795 36917 95748 3463 41280 8418 53291 42259 35387 77499 11779
3454 19
68136 55062 65778 9148 34871 19732 84783 65362 65984 65309 31384 79703 7321 19304 4898 32422 52330 98346 61351
2493 20
58246 83473 76814 57871 8519 35806 95617 40108 15829 42085 48818 74389 32355 63953 33432 39918 43399 4729 79579 33551
9294 20
57295 33522 87581 59429 54341 48181 37479 747 37909 57516 7009 89243 42870 97076 68640 23597 96726 16973 72711 42080
1750 20
44587 3419 54370 41618 7149 64392 11023 10305 68908 68603 28733 70715 84480 74833 62902 91749 91723 97517 80077 18814
2643 20
48641 19499 92984 571 88998 16944 72542 31813 60965 47714 60587 38170 55530 46099 47531 14964 70175 92516 27112 72861
8407 17
29682 36215 71533 553 90837 53003 43528 61032 58976 13322 49023 24530 35536 71975 32342 1674 73812
4630 20
67946 54033 72945 47610 48216 29479 82768 7177 94786 79817 28823 66660 84525 84719 368 69243 43959 57171 7100 91356
904 17
28012 96928 24713 7538 90569 71323 44808 37057 86297 53568 62617 31208 64466 97527 26397 16486 1135
3120 20
85769 95577 16260 75149 81665 82105 74725 80761 92494 54200 41195 72215 3756 99902 807 70284 86000 89957 45779 63599
2644 20
91944 43777 27945 6193 4356 21544 86734 35476 45285 57696 45494 84739 35291 53516 25096 8260 86827 76246 25465 45568
661 20
66405 5110 9112 86001 15973 44823 41272 55860 31489 49350 26557 15297 25973 50977 77606 46618 83190 32402 87312 48941
2995 18
5274 84242 5441 30414 19577 52134 30202 63121 57138 18246 19261 9318 43436 52146 34544 1247 74081 21413
4401 17
2498 55517 66987 40054 27963 91057 89240 12535 176 96546 53624 90009 10694 92631 55061 8449 13369
1133 20
28103 22869 24559 23045 84375 6023 23940 50898 80544 4635 20269 41625 87020 20708 21741 41188 35861 67618 48670 89093
7358 20
88944 51487 34122 67570 30585 46203 47834 81543 34271 59605 45114 63957 36550 65619 65508 46729 81897 41726 6016 8226
8046 20
16932 51652 52846 9462 89532 48638 70753 23451 53756 35624 13731 93679 59572 70965 80588 67877 47686 53710 1801 19009
2560 19
61536 12033 54891 57157 53012 36243 23625 46678 30532 90653 3919 9355 34286 98687 42077 47585 87694 50332 47035
3928 20
88388 49155 41979 27612 76960 75480 15018 36372 94388 45529 98055 20790 81414 67684 32229 30902 79929 99984 11109 1040
5763 20
25576 26444 76502 75194 37166 53009 66230 69478 86642 63137 95236 59160 53371 94605 66108 59364 68800 24823 71306 78572
1364 20
31631 95115 18075 43337 78179 7442 36175 13278 83629 35016 16602 50191 5480 6637 67215 22118 53457 9703 61473 46785
9029 19
26710 76134 16128 63312 9474 15325 67865 15282 54927 15784 87109 73968 67385 90513 86492 14741 93249 21238 8174
5621 19
94534 28194 3209 34928 56717 78307 80098 45934 91081 59919 14822 12746 27127 4633 60026 7845 19098 32620 52140
4139 19
88407 42697 49140 58217 81556 31040 31160 17427 22546 30583 66706 56378 54109 98735 99384 29502 4532 15677 37278
1606 19
95307 81745 93400 92791 5223 73298 60313 81083 74681 70712 82204 87052 89988 443 16695 14572 70198 22806 70957
3015 20
32227 57506 61320 60802 62459 50932 12014 45619 10788 56574 45093 4840 84758 44696 34244 94206 34807 18432 59103 55366
1949 20
1416 41367 46254 29512 21318 75188 77607 99686 99572 96757 7767 5658 63589 2883 52845 98832 82966 71256 18968 24096
4188 20
49469 40737 78816 61376 53254 95029 94512 42996 9776 98086 9443 3949 61295 48855 74653 65716 4685 78967 24790 55107
6727 19
99419 89985 751 53500 9975 35650 99493 33423 62815 9678 33345 89031 71129 27475 20419 46683 169 68367 3037
5311 19
76763 31674 40337 26765 5980 66267 56186 81510 41168 71301 75001 37385 82953 52285 85283 73422 27 47594 88308
4513 20
60048 38979 48415 38189 40848 22984 4090 60769 52031 85018 77628 71928 88072 28662 47890 5672 49050 11304 63081 38479
251 20
96369 80354 30613 16364 6156 42849 380 68948 56930 43465 49704 88034 51726 36245 28038 2436 30980 41394 36247 42139
3340 18
1489 33191 46621 45755 64382 34884 66710 31484 7453 37866 76201 8177 77225 23964 54815 96673 82696 89643
5073 19
46035 86595 1600 92389 30100 68016 21584 54000 10573 40888 36875 61732 41490 45208 17662 70780 1651 48921 73007
9530 19
18334 8645 91234 3782 71665 3263 83438 5518 84206 72234 71577 94433 70247 65930 27657 46332 30646 59229 78919
9717 20
85268 17668 10492 87353 71094 36358 80746 31011 53060 83029 81030 54700 80175 17131 8818 31613 89528 34430 49619 24005
9619 19
66905 33053 59750 22074 41545 4945 8715 94054 93670 63514 99231 81817 71889 74864 89384 97570 53603 67923 16869
9242 19
3638 29313 33400 6430 42919 86748 10725 31590 52262 26479 89260 37862 54825 1941 78355 37102 74072 21470 49420
4275 20
92110 98905 93416 80800 86091 95189 39744 32042 4338 2809 71821 70417 21220 99148 47970 86342 80892 63686 60857 46631
9805 20
30299 23730 57977 61658 30928 82251 20438 69928 64975 85938 63350 60084 34639 55021 77204 3203 25462 53462 205 54566
2611 19
70329 2252 55573 46689 71017 75980 20784 42207 29626 52184 35787 30014 57813 85641 2013 97483 29310 72537 20379
7219 17
10771 46688 76261 95844 81402 56374 52610 6933 99905 79025 8046 65577 83244 61498 10232 80035 30095
5928 20
48786 89660 82890 2104 46283 93169 71629 92971 70381 9901 58003 30727 16327 98020 58680 73704 6800 42070 89184 6437
6008 20
65795 14507 80558 34879 29348 49132 36282 54791 96729 60417 24401 43410 79165 87851 84551 11410 34661 5250 45867 29920
8385 19
74830 50374 69228 22621 99595 10972 88746 12131 62862 42967 47878 17066 44086 98942 48764 42303 8231 75733 41505
2054 20
38213 93387 2201 94677 59767 78287 80293 78222 57039 15150 45711 64706 64013 85047 44097 27668 6185 1710 91659 92636
5057 18
27927 54671 56493 69573 56288 30101 10394 37723 27485 20724 37004 91836 92737 52320 26128 51615 35107 98302
5006 19
39830 35815 95257 46101 76702 64415 57867 18289 12938 25614 6050 53649 91079 30427 21514 68314 50106 54828 54408
349 20
34171 99807 73350 59352 39545 93253 97265 18167 87536 20469 71808 56492 55168 10212 49971 45706 92378 17897 64201 83215
6134 20
17304 93362 3 53746 84770 21341 58272 54442 72197 46847 14464 83989 16441 15983 15130 59575 28511 20223 8314 88845
976 20
84408 1581 61758 3485 3121 7768 40726 96395 92649 27399 70061 78129 79713 61575 2565 20915 84913 89648 69105 25452
1537 20
86409 6451 2729 54007 72268 17099 69114 37321 33275 87307 61374 10681 91907 97801 42729 74527 77438 12074 48693 83836
8834 20
47536 69488 80124 66250 27208 73288 29971 17043 57592 24810 94079 20112 15140 28952 47838 94166 32461 26969 33122 27790
9937 20
65351 33274 93406 80626 67641 27017 8300 80087 23664 64210 16797 73695 66338 93635 19533 71638 32255 55483 93171 86547
417 20
95889 67351 42052 23860 47041 60189 93582 99685 24763 10368 66048 96586 15324 275 35858 54617 53611 94957 6910 1989
4433 20
66372 66206 38711 19352 29276 63561 23365 43036 27731 84020 12864 54230 10802 68362 53097 51197 51203 94976 46541 64294
6193 20
80380 75383 36402 91125 6591 86553 30943 60882 46958 35872 99532 90838 8650 3566 14845 5896 81647 9104 48885 39912
6832 19
25364 20256 22132 39171 44438 17907 65767 86543 83082 18282 26356 935 25371 59365 80719 99670 72490 91032 96968
7218 20
88476 58235 49821 7404 21624 68180 45458 19101 10604 9385 32922 67526 46565 51664 91340 41014 42873 17868 53763 75619
7834 19
8043 46790 17644 66811 49481 19199 28688 60732 7810 51735 5965 15667 54148 43920 35584 34715 42104 63472 58700
5053 19
59427 97862 39551 56682 37442 25989 11913 63193 93391 25811 97335 93125 19673 73720 95967 45636 47759 10965 59378
5337 19
24497 83241 21581 85424 39789 62762 91595 89207 25542 44852 78638 64741 672 89116 76649 64465 34927 73977 35646
6247 19
16436 80219 57766 17357 1267 82602 9586 1016 87127 43826 39781 97839 84919 13773 52998 68930 87397 93861 23903
2929 17
87204 54481 70385 21993 58328 91547 136 81535 35499 46862 43243 38703 30469 38518 44911 27023 27465
9647 19
47109 95318 24037 25514 46419 3723 14951 35547 15121 25354 69201 29392 36307 77077 22523 36874 20992 93830 6639
8301 20
79564 44378 79257 91618 86813 93091 73315 23887 94550 25209 68204 56580 80421 59243 33035 8668 77403 60520 77553 42833
2442 20
9663 96549 62385 69852 16842 72868 16400 40660 4533 48214 31444 27609 58775 48981 99505 73543 48399 25730 84503 98604
6017 19
99549 36596 44017 99079 90217 96869 97607 90235 76080 13927 908 23138 46107 24947 76518 27909 80407 81823 47062
4413 20
18639 7762 66666 37650 68090 32534 91694 84151 86589 20025 57058 14730 46770 7199 59260 49728 28378 3122 10327 20941
2468 19
44075 75860 97638 4270 64188 92160 82367 58943 58641 71515 76499 6745 48757 55111 50910 22455 59586 15132 67246
5239 20
99630 84346 20909 84030 32705 85295 77815 48604 77922 77807 60645 31060 72887 78457 40472 84253 60165 98401 93034 96215
2664 19
39531 30059 60287 91693 73485 31295 96111 57976 80596 47589 73448 47150 57718 65434 70202 69525 84514 54995 52093
2384 19
52570 47168 66377 40138 6258 40514 34763 44035 72828 65527 84077 15032 75040 28226 32593 92352 74373 89392 83871
6836 20
39964 20434 47880 63685 44567 13539 8810 11927 60963 16538 35649 34777 9803 76334 73748 46021 2475 43887 7098 43972
1561 18
27889 37612 5669 90433 16984 53032 87458 37006 16710 9880 92126 58267 18027 25619 92091 38789 71237 30326
7541 18
36777 9812 89555 93685 39512 83095 86275 67202 38348 90316 83579 36106 52966 20145 13215 11479 19940 5324
8472 20
31206 78122 15709 27105 87231 96632 88166 42883 47754 1120 99210 74540 52642 42765 71149 28863 37818 46723 96439 40905
2830 19
65030 3571 74125 62515 22923 2023 69904 66058 81508 52506 11521 93477 24754 50999 85802 2816 27169 43765 73779
7389 18
23459 18996 50251 6141 52922 43180 55750 96539 28797 24479 65733 57523 8061 77292 73191 19237 7893 88532
9269 20
22497 57458 16975 17441 95977 19235 26592 59944 29253 37052 23128 76753 96352 93686 23676 26347 50815 9353 20210 86757
8736 20
25964 24446 51427 5591 60008 90079 11859 85576 16084 38512 350 33706 66827 33504 69455 49650 80692 94262 8865 21646
8750 18
62683 31847 74777 9468 92134 44610 32270 22364 87766 83312 49185 7264 88161 56668 58401 38092 34853 51553
19 20
54031 84320 50289 84845 45938 62074 10987 289 31923 15417 33832 34109 59697 53181 53043 77516 82303 41297 2596 57153
7988 19
6005 52276 56061 92503 99652 73639 71914 99324 38340 74963 78125 56908 60842 77953 50143 29220 73737 11809 54800
8839 19
76776 25978 24954 48420 79479 30601 66404 15830 4964 80409 25692 61444 17418 62467 81713 11548 13780 93992 73517
7484 20
27513 80159 89053 13048 68859 83090 31262 94567 35042 51693 62288 33011 1233 24604 74915 33899 97413 499 6999 30428
5469 18
24373 80793 34624 65340 71115 81175 53581 6240 5116 66396 94990 66309 95665 28439 61342 71779 90219 41959
6185 19
49168 92901 4259 53631 47875 50605 81670 1550 75533 39140 80553 85140 13777 94908 88182 26521 64503 10957 43886
7287 18
84244 41289 73935 18785 67875 35538 53773 47716 12943 51665 31373 56179 91452 70999 9724 35972 75752 31985
7709 19
17174 37972 80735 70512 88615 53259 91415 67654 56021 23021 78733 6194 58854 71892 9816 69407 28069 24499 99195
7072 19
72820 97556 96889 90714 14344 28666 73842 80706 26289 52746 23931 95521 60880 96718 3659 39286 17708 95736 23190
1465 20
18009 19036 7543 90912 44199 10613 38758 78843 45149 33539 96 52286 50666 82355 29361 30721 74811 71796 81711 6159
2922 20
53663 51794 40862 62828 72305 76311 33208 87058 9446 33656 16526 75524 26814 72829 88220 42405 19408 45653 30076 32682
9618 19
84855 94777 4238 2458 9983 8646 25482 50619 33397 98974 44304 82354 89076 62320 69299 22615 62769 59376 98375
8922 20
84996 81571 3565 89647 67842 96594 21587 65981 66324 42017 20304 50624 39595 54162 44118 18982 41981 65273 77920 85397
1262 19
76659 4865 15082 63823 91993 97293 60418 89597 93039 81930 28974 89874 21917 99440 12010 52936 91379 37217 59548
9836 20
93608 63244 32046 49563 34747 37094 10156 46523 65991 54368 85288 84746 92220 72558 32683 86374 79991 64956 78858 15151
5280 19
18672 40635 7245 79446 24160 61687 13124 40099 54599 59088 43188 74762 23202 85419 82615 85492 33324 20382 25926
972 20
35199 54586 55508 71103 2497 67061 42783 60423 23737 2389 90445 22442 15185 41005 16153 27474 17859 47495 67802 43377
8884 18
68993 94654 55880 6991 12151 22326 82713 42053 96767 67226 20310 36919 11645 3550 26684 63572 59177 90230
875 18
31777 18696 24063 23244 50280 1076 7369 66502 19725 76351 25801 58702 34973 45012 83367 16430 69768 22879
9636 19
77358 27211 4076 7273 74739 85429 52435 3261 14039 26596 11817 8473 81091 45399 97065 22875 94382 13836 66300
1215 19
87296 28288 3191 78323 67496 31267 38005 51428 92420 38052 4878 74238 32697 72157 76553 93761 66450 72463 11905
7380 20
20947 60646 60172 37914 31465 64757 38921 12342 2230 93267 82460 28082 87971 77412 86337 91080 90981 35840 86398 49526
2596 18
27542 8770 34838 76435 99463 99555 92388 85984 61967 55132 62448 77235 81132 39432 27348 13673 89768 7317
5639 20
24597 6993 18113 5820 10915 93994 3492 47904 80119 34598 48368 36910 35423 56052 40505 54255 37394 9399 98037 83004
9985 19
71651 31641 44342 27065 94829 13262 57997 39791 43277 46976 81469 95315 4521 35989 81477 352 18118 86708 5474
333 20
56312 43130 66274 28898 83552 22979 2253 42018 56452 629 98009 16094 77281 65703 17375 26728 54340 85210 66077 14167
9277 19
4990 71851 98478 16941 69537 32901 85535 61344 95698 8730 24431 52765 76296 82049 17950 1404 26618 75269 1677
6468 20
68680 81275 15038 3664 43956 85490 2730 84678 60710 93445 29476 5418 6743 39842 38772 12308 52653 45359 70998 33024
1586 18
42446 91872 79629 59150 46358 70460 98168 37911 5425 9184 45853 30002 75129 72033 6839 81029 64819 99143
2666 17
29143 15898 4386 25484 88819 78768 53405 77976 86730 26796 76598 18220 95190 24085 55114 60452 33667
3445 20
61680 44515 67596 21852 54121 34801 38675 81792 96884 64997 4035 51247 37423 85296 86625 33382 42696 4892 27253 66283
1692 19
45606 44581 3721 68516 93935 97683 56858 93036 36480 75801 87509 26326 19384 17111 56466 13679 1643 51199 12711
6258 20
2681 18399 86338 79538 61990 40405 4743 52036 56382 91261 6905 78186 1626 99517 89297 80381 64880 18166 39742 49500
6715 18
1147 92033 75926 67956 26822 98111 21077 34769 68116 3598 95314 94724 69349 9544 96008 49510 70288 35878
1725 19
98779 47814 83255 23399 83499 73196 37583 58216 74978 11418 51028 21222 19198 72812 47773 75688 20639 96309 64105
7793 19
32793 31285 72328 74441 32914 45180 58735 71042 72487 19140 85846 76605 94310 61304 76578 73878 18067 64014 20711
7050 20
84806 6540 35575 41269 39815 57452 45019 66657 37315 54619 21397 79055 85014 63853 11958 37230 40683 13613 34199 53270
9359 19
68912 34050 16230 25878 1087 64099 82061 13330 89808 35104 76616 27446 63696 8847 73996 3917 72169 81348 50397
8405 20
11318 55744 70616 35887 29265 54822 86386 23404 14680 15557 2869 21434 4455 85493 8937 94531 17767 75782 27052 62327
9847 20
85170 37905 86436 31148 42249 34886 51583 90236 67470 83562 98774 81346 11764 96190 76930 83320 25360 49572 53569 40102
9060 19
21954 3631 47744 28418 51498 39421 2832 30539 73534 82115 49125 32288 58438 15588 75184 78524 85768 91847 17460
6350 20
81013 48297 93115 91017 51631 77825 80162 13595 28244 29897 95079 88930 29478 90683 22137 74719 95651 12098 85008 91967
6408 20
28955 88726 93948 71706 26662 1689 89199 75512 35842 72073 20727 75829 68047 67157 96312 97811 95538 45766 7013 96625
9695 18
65462 21064 20718 24698 45783 35482 41934 90790 47087 15416 29084 84490 93660 74651 17474 27191 7619 53855
9980 19
90109 678 71117 27823 64647 76719 75845 29629 13131 54620 62181 26187 7725 93626 65687 67749 18809 65284 95073
165 19
88798 29967 33518 51720 91426 77356 78531 71402 57068 78600 81958 76135 82111 6338 37089 28355 56855 77458 70232
532 18
67734 55620 78986 75534 9513 92286 50729 4761 89500 44285 83846 86400 22798 91636 41915 79778 28371 40565
9221 19
84026 88738 8245 93774 86722 88825 83297 90500 29873 52725 25306 70487 24514 74554 26344 67088 19985 57012 76388
6550 19
16395 57527 85050 57286 80912 33058 12759 63103 93066 7958 97857 11530 65313 49892 31067 35700 10051 97138 94970
8531 20
31881 45256 30210 63130 1931 179 95539 36051 87376 52444 76901 64312 29678 81979 47191 98543 51681 18210 65222 36364
6588 20
36766 37636 47631 75758 2159 38766 82960 1988 98341 66794 42352 7618 50809 49067 50826 48982 75995 19537 88210 60125
3301 20
70229 35755 17449 71697 87044 2972 92476 19556 38908 4947 4023 40547 16442 8738 19561 96993 31788 1990 89106 25109
2253 20
92577 37203 15113 97419 40755 43078 73192 77523 16480 225 71521 15369 25107 96855 41436 89178 55119 89202 16297 47500
415 20
16613 33165 5888 61405 48942 32142 20048 27588 31832 14555 51525 38207 23893 54775 81386 4159 89686 35870 51182 35379
5036 19
35359 52674 13524 85664 58639 53126 39032 40914 579 30645 46328 29604 39903 92696 18083 13644 77929 45519 9900
1065 19
95946 9836 50281 28543 39346 59899 88148 36080 33295 76483 9015 54970 56400 93966 73016 87160 78289 91882 77947
243 20
27509 85694 4157 3667 66764 81411 67052 8039 22596 43824 91767 48340 34016 25516 90322 28617 40821 14463 33857 19979
4172 20
76947 11279 87093 95094 67135 81230 76277 24564 24224 9431 34144 375 1809 89841 25870 64796 61291 73170 37227 93456
3240 19
31503 59117 95905 75140 60493 28472 2140 12530 66073 48404 40965 63771 41151 70624 24970 88967 31252 58788 3239
6718 20
11486 38427 21013 84004 5870 14462 6306 76171 48788 90812 65227 90174 49208 45002 73545 86973 22505 25050 46024 1672
6688 20
31499 79150 82872 64789 91570 31119 22578 55025 49367 81121 83085 94490 61095 91244 92751 89247 31997 9103 36135 90381
5883 18
5749 97060 43798 16870 7641 83191 64138 84184 4846 52764 46693 31854 85585 39790 87478 30065 68537 36814
1946 19
34940 6934 70889 43211 93984 72024 39379 5055 61933 26043 18216 59859 37602 16007 94057 81283 94673 45740 70491
1418 20
84881 56066 16675 49730 5959 55364 76713 20226 40677 37168 45974 90864 80455 76551 26719 70987 41546 48647 56241 36158
3313 19
12670 15393 54001 13500 86764 29372 97791 76838 27145 61534 69247 55400 16056 27001 78315 21240 39101 29810 15087
4024 19
71113 70994 74278 67597 71537 96867 56147 40333 88984 47185 74750 97843 56000 62073 67415 25713 61395 7872 85138
8964 20
64755 53561 9673 9849 88448 75538 93683 4600 58163 80145 43860 80136 83880 97490 15675 17605 31142 96959 76338 35362
2392 19
95757 60584 48016 9482 42608 61279 13110 27503 49173 50451 62322 24706 49985 20247 61950 38070 19690 45798 5874
4040 20
89659 34899 12231 14432 30424 67458 99214 98640 26095 52041 8867 96219 66779 45873 63898 21499 65694 11924 22430 82759
6937 20
6552 44769 62072 62652 89923 20272 64550 2814 96138 90470 26012 15426 33859 85692 60107 63659 97743 80846 36164 47247
2495 20
86359 65423 92082 75157 86643 48434 36009 98988 68844 22049 4707 76494 45994 1722 65060 14896 27764 47549 26985 66336
6236 20
97316 21997 23755 31748 6736 89011 67257 89773 88550 71100 43916 49075 85494 37495 74537 26472 72514 89336 46152 95663
2708 20
75651 46311 37677 83932 56282 42940 39506 74184 28024 34517 73774 58419 96343 14779 57484 14008 96552 43114 64931 82422
5371 20
70107 64207 17832 16987 44981 59805 49611 67048 36848 30254 27757 76146 62941 92824 6973 92326 13317 148 19200 88714
1841 20
2761 47022 89534 66478 99961 84061 8138 3036 31189 95102 57389 37199 92269 76892 6586 10323 77503 9497 21689 90937
7485 20
93074 24630 75863 17261 23497 78824 97948 36115 74992 1530 11459 91006 45375 71957 12622 26815 66322 83709 92488 62708
1356 20
13975 74656 7850 57786 63860 66975 70779 98328 1718 74453 61543 56979 40507 89796 77787 49706 73445 15920 52190 83283
1071 20
15724 93264 37300 18563 58381 69803 71649 72878 54740 51129 95444 95131 16958 24067 40591 6476 6887 63642 95206 32627
6370 20
25601 40362 60385 43840 48312 84683 3501 93433 93870 94898 32566 91160 18097 34253 37690 32239 427 46583 88380 33734
8903 20
27919 32021 97548 89694 99759 57029 72762 85260 36675 34201 15826 68033 25647 18017 23782 57343 2106 97455 78859 41038
5628 18
20184 42494 77697 19434 60959 65848 70865 62968 37945 42200 98738 65347 2466 70848 49668 50978 93725 56090
1708 19
30026 7109 5363 13969 55210 93112 42746 85474 73555 45679 63266 35718 79508 67395 30138 97263 16336 47750 30200
7637 19
48679 76630 11312 81661 57007 28763 8429 13345 44301 3599 63221 90300 55467 64449 14319 63042 72436 81221 97166
6217 19
48716 39143 35640 12635 21660 42311 13626 24966 94618 31558 23486 69296 76904 3693 67029 45158 26532 11473 85806
6132 20
70814 26482 51697 72999 86473 24486 53964 82418 31414 7367 98166 3129 49399 31537 35404 22965 91995 78304 70159 99616
3050 15
20139 14042 69020 63291 77035 50044 41617 55851 57053 31709 80440 89911 20053 17096 7507
1008 18
16964 56557 84098 95842 52669 65480 2818 78428 49419 31576 27777 27054 51508 96445 13092 46188 78515 57938
1379 19
26558 33885 91675 35731 54450 30402 98744 5584 13597 70157 29568 50975 79392 6759 50974 94194 99303 18061 40691
4871 20
72701 66996 17164 18945 98377 83073 50357 17652 68337 58146 55914 11543 2030 10014 42134 52743 29616 79041 12492 920
7533 19
45926 87845 61163 43403 69426 43745 70435 95154 52024 54296 46742 52756 32632 37097 12511 50358 49380 20309 22825
1766 19
554 12421 75696 93776 6660 75892 13224 50775 69757 77826 61094 74387 72289 79777 52409 81273 24458 67168 53596
1551 18
21609 41567 51535 12481 34746 60973 44066 88606 68416 97317 2684 4790 8504 57225 9404 37223 56068 57630
